1.927432731890377227e-02
1.927432731890643680e-02
1.759670650846434370e-02
1.972487487864249545e-02
1.927432731890732498e-02
1.325916110586344843e-02
1.972487487864071909e-02
1.325916110586522478e-02
1.759670650846700823e-02
1.629682166323220827e-02
1.927432731890466044e-02
1.629682166322865555e-02
1.927432731890110773e-02
1.927432734578271578e-02
1.972487485431884124e-02
1.759670652236255961e-02
1.759670652236522415e-02
1.629682165134127558e-02
1.927432734578005125e-02
1.629682165134482830e-02
1.629682165133772287e-02
1.972487485431706489e-02
1.325916112643721334e-02
1.927432734578093942e-02
1.927432734577738671e-02
1.325916112643898970e-02
1.927432734577561035e-02
1.927432734578360396e-02
1.927432734577916307e-02
