3.039452882755533381e-03
9.185109681797420933e-03
1.952548757201633123e-03
8.254194222640620637e-03
3.039452947658283222e-03
1.952524533998634126e-03
6.218095366566700477e-03
6.218095750017305079e-03
6.270635892751563745e-03
6.218095105122500854e-03
5.515818764149749143e-03
6.685338641220006650e-03
6.685341014621926092e-03
7.548278461767310432e-03
4.249766275813193772e-03
7.857099697144320771e-03
5.515840495202262161e-03
3.004929788802179758e-03
6.218095152465075159e-03
4.405836728529344271e-03
1.409996314848172005e-03
1.952529807288883035e-03
4.249740275453994798e-03
7.364712709327925211e-03
3.004929641698517173e-03
6.365759095775302967e-03
6.685338779204741400e-03
3.004871662716901426e-03
8.254185556931581402e-03
1.952540864246010699e-03
8.254202634547347373e-03
5.515832948357335397e-03
9.185122442758597572e-03
6.685343541486865604e-03
6.659628122609895229e-03
1.952530780985561876e-03
7.899684411238006021e-03
7.857099890781427121e-03
1.952540997074869722e-03
6.659630211428790858e-03
3.004929582185233983e-03
7.364717834945189168e-03
3.004929627771879552e-03
5.515827221638680555e-03
6.270637669154588423e-03
1.952549317834062492e-03
6.270632971420830870e-03
4.249733738472372124e-03
6.659632608069010473e-03
3.004929784698795459e-03
7.857099576727755164e-03
3.039451928016134730e-03
7.899684933983408541e-03
4.405834946273223807e-03
3.004863178031058624e-03
1.409998691796587877e-03
3.039451489004640905e-03
4.249730770374604560e-03
1.952543132921924496e-03
6.270656528078788483e-03
3.004870631858835850e-03
4.249729854183037503e-03
5.515820825015893547e-03
1.409995635958338767e-03
3.004929826009750116e-03
6.053517553564091713e-03
3.004872776751987828e-03
3.004871776885131851e-03
6.685343298672208334e-03
6.270641569327217724e-03
4.249732300774411442e-03
5.515833727388397278e-03
3.004871081415672052e-03
6.685355965792005861e-03
1.952549372494338797e-03
1.952538701538664156e-03
3.004929689559787676e-03
5.515826715352112330e-03
7.548283619749796003e-03
6.659628116436167033e-03
1.952524665422394889e-03
3.353276471799837566e-03
4.249731605173501237e-03
8.254194218646482284e-03
3.004929622210106288e-03
6.685360716888411048e-03
6.270635194306706239e-03
1.952533310611848094e-03
7.548295551818462457e-03
1.952524562681468012e-03
4.249740763398790477e-03
7.899687725656967530e-03
6.685348565906856777e-03
5.515831970952511654e-03
8.254194244098123079e-03
3.004871916680862398e-03
5.515815283293257210e-03
1.952524538824995659e-03
4.249733595989901858e-03
7.364723468845646437e-03
4.405835111390032921e-03
6.053513402885180028e-03
6.218095294713954502e-03
4.249740514661759505e-03
5.515831205242349711e-03
3.004877771691560895e-03
5.515838328716604622e-03
1.952524524304166675e-03
6.270642613411148147e-03
4.405832580582469404e-03
1.131962508731376715e-03
3.353276116230929915e-03
3.353267137429227773e-03
4.249730281930652609e-03
6.053512538874095128e-03
7.364712654636562661e-03
1.131962508591932703e-03
5.515833508374257121e-03
5.515834621589554843e-03
5.515820799322668222e-03
3.353276233769797443e-03
6.218095893552266773e-03
6.218095972010395656e-03
6.053514672006876651e-03
6.685364572445173792e-03
6.053516795518021354e-03
4.249728684153630809e-03
6.053512545932449029e-03
6.365756422225921085e-03
5.515828017921720061e-03
1.131962508637229803e-03
6.270646986246575239e-03
1.131962508691408686e-03
1.131962508555517388e-03
1.131962511175643726e-03
1.131962509166584141e-03
3.353276989928488661e-03
6.270638564865649300e-03
6.053517588848755793e-03
1.131962508545747426e-03
7.548286718504826354e-03
1.131962508720718574e-03
6.685348277858160770e-03
1.952529832356830752e-03
3.353273195147998820e-03
6.685361882235341113e-03
4.249745178711350491e-03
6.053512886420975292e-03
3.353273608126094985e-03
6.270631307556229217e-03
6.270639278706191533e-03
